47.0116	5.86468
41.627	7.31598
37.5764	6.38401
37.9354	5.6881
64.5046	6.72246
46.6708	7.8954
41.727	8.14495
43.316	7.36626
43.5062	6.93522
41.868	6.28652
46.125	7.63849
45.7078	7.2516
44.3708	6.35519
45.9976	6.91683
43.6248	7.4429
25.7912	8.68328
44.6752	7.53855
42.9626	6.7151
46.085	6.72124
44.1554	6.45697
34.8522	7.27735
51.103	6.16573
42.3402	7.57902
42.442	6.27916
47.2606	7.67221
42.5262	5.61942
35.454	6.08173
41.2688	5.89656
47.6062	6.36071
43.2312	6.785
48.8544	6.63233
52.794	7.5594
59.4192	6.92418
54.2588	7.46743
45.3138	5.1424
53.6176	8.16211
58.1496	6.8549
54.791	7.97633
47.9296	5.92906
51.9452	6.48456
59.5008	7.09954
55.5502	7.89908
54.1404	7.37239
46.6892	4.95723
50.9418	7.00389
54.4256	7.0744
49.2342	5.84812
53.982	6.20068
46.7382	6.8874
78.0548	7.72188
41.0206	7.31537
48.3938	6.69916
59.1162	6.81382
46.526	4.09884
59.1112	6.64337
54.2844	7.13449
57.933	6.49437
55.039	7.34664
50.8266	6.76232
61.534	7.24731
56.5802	6.39872
61.2536	7.49563
58.7888	7.39875
56.8478	5.98056
49.4706	6.34048
50.858	5.33615
52.957	6.06702
52.0532	6.49744
57.3372	7.12897
54.259	6.59064
50.9804	7.46865
60.4952	7.82366
59.4196	7.45026
53.719	6.52687
58.3866	6.5471
54.5758	7.17128
49.9612	6.90089
57.8276	6.9107
58.5446	7.36687
53.3886	6.71756
50.2578	6.10442
53.2474	7.49134
52.2948	5.86958
59.2794	7.55756
46.1736	7.38343
52.9934	7.62623
50.7748	6.72614
35.7738	5.07005
53.7332	6.75741
34.0866	3.96517
55.2056	5.91005
59.7436	7.10813
32.8496	8.27861
51.0448	6.74821
54.8216	7.14308
33.296	6.73779
58.2522	7.00573
35.745	5.27055
79.437	6.81198
51.4714	7.55817
53.8088	7.13817
39.4466	5.35577
53.8398	6.29694
55.6638	5.45265
48.866	6.63417
46.9818	6.2203
36.834	4.60406
68.2616	8.91811
55.4158	6.10626
50.1576	7.09157
54.1108	6.06886
56.731	7.20929
45.6702	6.64521
49.5036	6.34783
54.805	6.8083
57.6422	6.01919
53.5564	6.90579
50.439	6.2062
49.3702	5.85303
43.295	7.06521
38.7842	3.60833
58.5018	6.53545
55.9316	7.61887
53.2442	4.33551
48.1948	6.3184
43.388	3.08225
51.18	7.00451
46.9766	7.74947
28.502	9.36264
45.419	5.47534
77.6744	16.5333
49.268	14.2334
29.6666	13.6123
51.5824	6.82731
58.2592	7.36503
55.2274	6.53178
57.822	6.63294
56.9004	7.34602
48.8762	6.94994
35.234	6.81198
49.406	7.17189
48.6912	7.29268
46.5258	7.2424
54.5382	7.67957
47.7498	7.49747
57.792	7.1351
47.621	6.3742
51.0722	6.88004
37.4434	6.48702
52.189	7.63972
47.0438	7.10261
77.3282	8.11184
50.4326	6.58267
55.1152	7.44229
57.1324	8.07443
67.703	8.3669
45.3692	7.04743
54.6426	9.21242
44.9916	7.01186
59.226	8.62933
55.8696	8.23201
45.7538	6.63294
73.2884	7.73721
53.6188	7.67467
47.261	7.10567
55.0444	7.1069
42.978	7.32089
52.8586	7.14308
47.1998	7.71207
53.4104	7.46129
53.2942	8.08057
48.68	6.69426
42.1444	6.22091
43.3456	6.94258
47.545	6.68445
46.527	6.10564
43.9184	7.3215
50.2118	6.96465
57.8738	6.65502
48.0712	7.23382
47.2552	6.44716
59.2636	7.12713
46.3644	5.90453
47.833	7.19826
50.8908	7.58699
55.475	8.31233
39.2828	6.20129
52.2984	6.80769
48.8658	7.25037
52.9624	7.27551
43.6572	5.47779
73.3412	15.1721
49.096	7.27919
49.0026	5.27852
57.938	7.73721
45.112	6.44839
55.2336	8.4509
46.1232	7.69674
53.3046	7.26816
54.8926	7.2841
49.913	8.03397
56.0528	6.87759
49.6396	7.39998
52.2304	8.22097
53.0862	6.93951
52.4472	7.6483
58.9342	7.46129
53.158	5.28772
51.889	8.32643
56.5314	8.63239
57.3884	8.46562
53.019	8.69922
51.6232	7.5594
49.2182	7.31414
49.2842	7.21727
56.1126	8.25654
47.643	7.31046
48.38	7.46068
42.026	6.32637
45.2674	6.19884
51.3924	7.2234
44.1582	6.56059
51.6282	6.78745
46.23	6.43245
49.8402	6.90947
50.4768	7.07134
61.0054	7.21665
52.599	7.01432
53.9148	7.5784
40.318	6.82424
50.6212	5.83648
47.0938	6.52626
53.8262	6.80217
57.7894	7.91563
56.3796	8.7403
49.8928	7.55511
40.901	6.28223
51.613	6.22337
42.8096	7.64094
53.6934	8.06278
45.7798	5.13382
48.3018	6.93829
58.6494	8.58825
53.725	7.8537
45.499	7.05417
52.4812	7.2657
53.8378	7.41286
55.3896	8.56924
51.3142	7.33437
52.0672	7.66731
54.478	6.95975
59.1406	8.22404
57.7984	8.14801
53.7916	9.02848
53.9392	8.45213
50.0608	7.0603
44.5354	5.9168
57.5426	7.75131
46.3616	6.73227
59.7454	7.99841
53.316	7.89111
59.9338	7.92728
57.476	7.44965
54.5906	7.46497
50.5198	8.20074
32.181	3.87259
44.8012	7.74579
52.011	7.88865
35.466	7.17864
53.7818	7.56553
57.855	8.28474
49.8734	7.02658
39.855	4.52926
58.1208	7.82857
50.5318	7.7041
53.1478	7.56308
58.2456	8.01005
47.8924	7.28655
46.3396	7.9144
52.0486	7.93648
49.1378	8.32705
50.3432	7.26877
37.2924	6.88862
37.6384	6.60597
51.9216	8.41105
46.8854	4.98544
58.3752	7.06521
48.9938	7.81385
38.9758	5.10745
55.4322	7.49011
53.856	6.76048
50.7354	7.27613
50.2262	7.62194
55.3466	8.26512
46.4378	6.01735
57.6162	7.41347
53.8668	7.88927
38.8958	7.07072
42.2268	5.34658
52.957	7.16147
36.4322	3.53904
56.4674	7.3822
35.9112	5.44774
57.827	7.74027
57.7748	7.709
57.0186	8.31724
52.0982	7.19887
52.0788	8.25163
54.4656	6.94135
53.5528	7.74027
46.2904	6.94871
53.684	7.84451
49.5416	8.88071
52.3842	6.38033
51.898	8.60357
57.8108	7.774
56.1596	8.56127
50.8544	8.15292
55.9242	7.1351
47.8182	7.50483
54.1472	8.33502
54.0462	8.5956
58.9882	8.47604
60.1874	8.27309
46.5078	5.9542
46.024	7.12407
38.8366	4.12275
57.5462	7.63604
64.1936	7.38097
51.6942	8.14617
55.9832	7.79791
43.3978	5.49986
47.3726	6.56427
49.9618	7.34296
53.8948	8.30068
45.507	5.14424
69.678	8.14433
52.9666	7.81262
49.6944	7.55511
53.136	7.67589
50.5082	6.75067
53.2802	7.42144
41.89	6.16389
52.2896	7.73169
52.2292	7.64094
57.5564	7.6716
43.3318	6.63601
53.3028	8.60235
56.032	7.54346
50.4906	7.67221
56.1228	7.81937
53.1114	6.91131
40.4996	7.29575
50.25	7.3963
52.9506	7.35461
53.611	7.54897
54.9076	6.8782
50.091	7.34112
55.9516	8.08241
59.7612	8.12532
53.7442	7.61826
41.6162	5.22518
59.813	7.62255
51.2086	6.65624
53.0556	7.38465
67.0576	7.90827
63.2122	7.5827
43.4712	4.78494
55.3058	7.76603
43.4532	7.49686
54.6976	8.13697
51.9006	8.31908
42.4826	6.55446
52.1276	7.72617
53.0192	7.70532
54.5178	7.48092
50.5044	7.9003
46.1158	6.32637
50.3576	6.64337
53.2822	7.0554
58.7614	7.6017
51.2794	7.01554
45.2978	6.42693
55.0176	7.47294
55.8574	7.53119
58.71	8.15537
48.6404	7.60354
50.5704	6.83099
49.0786	8.17008
45.3312	4.96827
48.9586	6.86471
51.635	6.64766
50.1166	7.29329
48.002	5.4692
53.5544	8.21852
44.2726	7.1584
51.3952	7.24363
43.2892	7.46436
41.9816	5.42812
60.2004	8.02661
52.2776	8.72865
53.9398	7.42267
48.618	6.65195
45.4626	7.53671
54.684	6.71326
52.245	7.21972
49.349	6.02655
58.48	6.83651
57.6168	7.78503
50.558	6.58205
46.8494	7.90276
52.1802	7.10629
51.235	7.29759
58.092	7.90092
49.0926	7.72127
48.59	6.64459
49.4534	6.3276
45.6442	6.52871
57.5394	7.3264
50.3608	7.13265
35.3166	5.39011
58.5588	7.49931
41.1136	6.25525
45.0534	6.45207
48.5528	6.61945
43.754	7.51035
51.2964	8.28351
51.1792	7.65934
52.9352	7.22217
41.7476	6.78991
48.6624	7.40182
56.748	7.02842
54.2934	7.47662
56.0766	8.22895
56.1702	7.64278
45.6546	6.80953
47.446	7.46804
45.1894	6.06211
53.9256	7.23811
47.2942	7.15166
51.0674	7.62316
43.434	6.12588
57.7268	7.24792
58.9046	7.46375
55.5862	6.89721
61.8128	8.55023
39.7392	5.46859
58.5476	8.11858
55.0886	7.88375
58.0402	7.85677
47.0332	7.29881
58.1788	8.08302
61.2256	8.61338
45.0078	6.37052
43.5884	7.07563
54.8768	7.65995
44.644	6.94013
45.764	7.51341
57.846	8.06156
59.2208	8.64772
56.2238	7.54223
37.6744	5.11174
54.2986	7.46559
57.0436	7.12652
54.5784	8.05052
56.3178	7.48766
52.5696	7.66608
49.845	6.70407
58.5626	7.50973
57.888	7.14982
57.3566	7.17925
53.7726	6.69303
53.6162	8.94387
48.3394	7.12468
38.2082	5.4085
55.21	7.89417
49.0084	6.97691
58.2874	7.43309
53.3354	7.62807
49.9216	7.59496
58.4544	8.04071
37.7388	6.197
45.4248	7.24608
55.169	8.19829
49.497	7.53978
51.2714	7.21052
49.6042	7.31721
53.4046	7.30494
45.0742	6.01122
55.7052	7.87946
51.3322	8.09222
45.0948	7.75499
50.5658	6.98305
46.9144	6.63724
56.5522	7.54836
53.6658	7.61581
53.3022	7.35951
52.5702	6.69303
49.2618	7.05662
50.4274	6.86471
51.09	7.50851
57.8088	7.41286
58.9354	7.43309
53.547	7.35706
38.1368	5.37294
59.3906	6.7758
54.3922	6.18903
45.787	6.28468
51.155	6.56366
74.4114	7.31414
51.3918	5.8561
50.4718	6.31902
50.0952	6.66421
45.1488	6.87513
47.3042	7.25835
50.7742	6.48579
56.9754	7.32886
42.44	6.62129
47.5252	7.1443
34.6864	6.54526
73.0194	6.74576
42.0818	6.62007
58.4582	7.76603
50.9272	7.22401
50.3074	6.6587
51.0458	7.11794
37.5202	5.94194
57.4826	7.34909
54.8828	6.27855
57.914	6.64766
56.7192	6.91989
52.8276	5.69423
57.4408	7.93035
47.48	7.23321
46.7322	4.87446
54.4866	7.0603
55.2128	7.2749
56.9652	6.88985
57.5052	7.65873
43.158	4.73528
57.458	8.04378
54.063	6.40547
59.6232	6.70284
57.0368	6.36929
57.5052	6.83344
48.8276	6.42386
57.4676	6.76845
57.7484	8.0867
55.7004	6.32576
21.1424	4.79046
56.3962	8.03274
57.459	6.67586
49.0026	5.62617
42.6706	5.93029
50.9196	6.31656
42.5624	5.85671
57.6868	6.56611
52.185	8.2081
48.669	5.93458
59.509	6.5097
58.8016	7.92115
41.853	5.45326
39.3712	5.80398
43.3802	6.19516
56.296	7.34786
50.6864	4.6899
58.0066	6.29204
56.1732	5.18961
56.5114	4.19387
56.5756	6.4815
54.5392	5.777
50.5614	8.01986
59.0472	5.36926
61.747	5.47718
54.7486	5.9916
40.2372	4.99954
71.7794	6.04065
53.369	7.35951
51.9718	7.8255
58.391	4.20062
47.189	5.21782
57.1684	5.57528
51.6664	7.28348
51.8396	7.8721
65.1756	7.45762
64.9838	6.74024
50.2116	5.89288
57.9276	5.89656
50.5572	6.56918
46.9686	5.32512
58.7778	6.41651
55.2314	6.47353
45.5714	5.43242
50.2666	5.56118
54.668	6.77948
51.36	6.36991
56.0048	5.66296
53.0872	5.93335
52.5832	5.23682
51.275	7.62316
52.8024	5.30488
54.8996	7.41224
52.2084	4.48818
44.7266	5.21353
57.794	6.03881
56.872	8.14127
51.3302	6.13814
50.8062	5.78988
51.8048	5.70465
56.4142	5.47227
47.6056	5.20555
59.2296	8.02784
48.1786	6.66605
58.7286	7.94138
52.5342	5.79969
54.2092	6.08112
55.5252	5.32573
56.2246	4.99034
48.9188	5.13504
45.7964	6.65011
55.2622	4.89837
52.9898	7.14921
60.1724	6.26996
52.0546	5.98424
49.5344	4.1062
55.8652	8.13697
57.4096	5.94684
55.093	6.64275
48.1812	3.91857
60.087	8.01005
57.1524	6.60045
58.4158	6.32637
45.2242	4.93148
53.0382	5.86468
46.3946	5.75248
57.2874	6.8874
48.497	7.24792
47.5946	6.31595
51.8948	5.95297
58.1002	7.32027
52.6316	5.56669
54.3438	5.96156
68.0808	7.94384
49.3484	7.44106
79.3646	6.54281
56.9824	5.98485
54.5996	5.89166
51.9834	5.98485
57.4132	6.60045
54.8708	5.56424
56.8696	6.42815
56.0102	7.58515
44.805	7.71636
61.4944	6.34477
67.711	7.05417
54.5838	4.96582
58.2146	6.50418
55.2084	4.23312
52.178	6.65686
57.7258	7.43861
59.118	7.20684
54.8018	5.46123
52.0216	6.31288
51.4224	5.29507
43.024	5.85671
50.2332	6.77029
51.0538	7.0603
50.5978	5.12891
56.5286	5.90331
57.0704	6.4956
54.0878	7.2142
58.149	6.2718
65.4642	6.74576
55.5224	6.15653
52.1814	5.87388
56.1104	6.08786
45.4274	6.66973
52.02	7.97143
74.4852	5.9965
55.5874	6.67832
57.782	5.93212
55.6438	6.68016
55.2704	7.40795
50.8292	6.14918
47.9338	6.71265
54.5596	6.69671
46.9646	7.23014
41.3384	7.86106
34.6254	4.4796
56.2968	6.66299
39.5728	5.63107
43.8068	5.07618
50.0218	7.0321
35.7284	4.98421
52.4182	7.16392
61.2478	7.41163
46.9416	8.17867
58.5062	8.3062
45.4346	5.71078
43.3178	5.47963
37.2094	4.58567
58.3564	6.48272
50.0288	6.24605
44.3112	5.52929
47.136	6.02348
54.1948	6.0897
49.896	5.72734
57.659	6.68874
58.707	6.42264
52.674	7.06521
50.1372	6.2761
51.4	5.46491
46.9132	6.52197
57.8262	7.52751
52.6716	5.98179
51.8304	6.24176
39.2286	5.93887
37.6554	5.0817
48.5396	5.69729
53.937	7.50605
54.0428	6.73105
36.9308	5.87449
82.9116	7.37362
50.1618	6.9671
63.2368	6.55201
39.6414	5.94316
45.6218	6.59002
53.5188	8.11122
48.4982	5.36558
52.7932	5.91434
58.885	6.74331
50.6258	6.19945
57.4248	6.83283
49.6326	6.84816
54.7304	7.78687
58.575	7.50483
55.9062	6.33618
53.5344	5.55443
55.4064	6.40424
44.824	5.57528
57.0892	5.84874
52.2574	6.83344
48.855	6.31656
51.6318	5.77945
50.2554	6.05782
57.6808	7.42144
36.9638	5.67645
57.961	6.61332
57.0986	7.58454
51.2736	6.23011
51.751	4.07554
41.2388	5.96646
53.8692	5.92109
50.6328	6.16757
56.449	6.84202
59.5648	6.84141
53.2938	6.17861
58.3398	6.42999
55.9464	6.77519
51.8402	7.17802
52.6058	6.97569
50.8214	6.26996
55.0528	6.50296
56.7446	5.98485
58.833	5.87204
38.8988	6.35396
47.216	5.96891
57.4314	8.44048
51.7878	4.75858
44.5332	4.75796
30.739	1.86701
48.3142	7.02351
55.643	6.46126
57.154	5.86223
58.263	7.49686
50.3296	6.52748
49.3446	5.05534
49.4616	6.10626
49.692	5.78436
52.8384	6.56305
58.2504	6.50296
50.2566	3.93329
62.9364	6.41467
55.2562	6.09277
55.8272	6.35151
45.4414	6.50173
44.8182	5.64579
74.6994	7.53487
59.0134	7.03455
51.8734	6.0989
47.9998	7.37484
49.896	7.18661
50.4032	7.03455
59.473	8.26328
50.6128	6.48211
53.0802	6.47169
57.2786	5.78191
47.856	5.35761
54.164	5.55811
49.5058	7.27122
56.3422	6.81137
52.8596	5.63107
57.9498	6.74086
60.4	5.54769
48.5852	6.113
56.9934	5.50231
55.1856	6.23931
44.7	7.10138
55.0706	6.50909
47.6928	5.79294
51.9866	6.10442
54.4926	5.26196
51.501	5.88491
39.8584	6.1737
39.1864	6.25893
48.0016	6.0149
49.2482	6.01858
54.1036	6.97814
47.1774	7.80281
51.9684	6.33067
59.4986	7.63297
56.93	6.59554
39.9964	6.25586
51.975	5.13382
59.1416	7.50605
52.8914	8.34176
54.0174	6.69303
64.8614	6.47782
46.4422	4.78494
48.179	5.51826
55.1576	5.58938
57.3294	6.41651
57.2856	6.29265
58.7222	6.20742
54.7082	6.31718
51.713	8.36629
49.3018	7.24854
43.7148	6.13937
55.0438	7.63481
43.8572	5.73531
50.1158	5.92415
56.5976	6.8641
60.0396	5.39869
55.2684	6.57286
51.7964	5.73347
56.1096	5.88123
57.813	7.05662
57.6948	7.70839
52.8328	5.59674
54.076	5.20126
59.8118	6.60964
55.0316	6.6728
59.2812	6.55507
49.6256	5.77823
48.669	8.09528
33.4902	6.39137
52.5088	8.35587
45.7742	7.37178
54.4984	5.9125
47.564	4.78985
56.3602	6.12894
37.0492	5.02652
48.9304	5.56301
44.718	5.85732
43.8142	6.28836
55.2056	9.02541
50.0784	7.98492
67.9524	6.91805
55.9992	6.21662
54.131	6.0664
65.68	7.0603
58.5004	6.78807
46.4656	7.66118
52.4546	7.56308
54.9306	7.67344
61.5882	6.8267
55.3496	6.55569
52.8134	7.79852
50.3072	6.8175
53.887	6.18167
42.5922	5.77516
52.2106	8.27309
47.999	7.28962
46.8034	7.76909
53.8876	8.27738
46.2012	7.02413
52.799	6.88065
58.0464	6.79972
53.5656	6.12649
51.4876	5.78313
52.435	3.92287
51.8988	6.54465
46.1378	5.3662
51.5898	6.7617
48.8934	5.32205
49.0096	5.18103
58.4686	6.58941
54.2768	8.82737
54.594	8.02784
53.3696	2.87256
58.6872	5.89718
53.211	3.69723
45.5546	5.1099
55.4666	7.84819
59.9942	7.9187
52.2828	6.24789
55.849	8.5815
45.6498	7.43554
48.6306	4.9977
54.9526	4.89531
36.876	3.08961
71.7374	7.02351
49.3	8.26635
48.2122	8.31233
60.0146	8.7679
57.2272	8.22772
32.7322	6.02226
60.7572	6.75741
58.6998	8.7121
51.6122	6.58083
52.783	6.61761
60.296	7.52874
72.1248	9.25105
50.4524	7.82059
60.7016	3.73402
44.3676	6.04494
56.5182	7.48643
61.029	8.36322
56.0964	7.82673
53.635	7.17741
54.2692	5.74144
57.1174	6.60413
53.9978	8.58457
53.1654	7.06459
58.4406	6.93645
64.555	9.20384
51.4504	7.95365
37.4868	3.92348
58.616	5.58938
53.9054	8.28965
50.739	9.07324
48.7194	5.87449
58.5176	6.36868
40.505	5.08722
57.7026	5.89902
55.8372	7.58821
55.7396	6.36807
59.4742	6.05414
53.2742	7.24424
56.0344	7.74395
53.7688	5.47718
56.0316	9.06159
57.1128	7.15902
35.205	5.47043
73.999	7.12652
53.2242	8.53061
52.3124	7.24608
51.0002	6.5563
53.1822	6.6311
57.1922	7.55817
55.1256	8.99782
45.399	6.95791
53.1346	7.21727
54.5886	6.35396
57.412	7.14798
57.4624	9.41905
53.4126	7.28164
61.4458	9.01683
53.8074	5.87142
50.6954	5.20678
58.8514	6.24544
53.3908	6.61394
49.219	6.0523
57.4892	6.17125
43.4196	6.36132
51.605	7.65811
55.1334	8.50425
49.201	7.04252
53.4624	6.58512
53.7042	7.88436
58.9934	9.49079
47.765	6.17677
53.8966	7.25773
52.209	6.47598
57.7292	9.06649
52.341	10.1039
54.5484	7.16821
56.1708	5.16018
52.207	8.72681
48.789	2.01232
43.6612	5.66418
53.474	7.21972
52.26	6.56611
58.1066	6.59002
48.9664	7.82427
59.3894	7.51648
54.3234	9.71397
66.8564	6.21233
42.8446	7.62071
46.6826	9.25044
34.1474	6.34048
60.7074	9.20506
56.4454	8.02722
49.4448	6.47966
58.2678	6.61945
59.7274	9.63181
56.9158	8.9126
54.2622	7.86229
56.9678	6.47782
42.8998	6.31595
55.0848	9.17318
51.0066	8.05543
54.7278	7.2424
48.785	7.8255
54.3638	7.05908
58.335	6.32392
57.7724	6.7758
58.3766	8.60419
58.7518	8.34973
53.7648	8.6422
50.761	8.45213
59.548	7.29881
47.6216	7.3871
58.0388	7.17189
51.8514	7.01002
60.0906	7.2191
53.4078	7.22769
53.9896	8.76728
44.441	6.8316
56.77	5.98363
44.8458	8.19645
58.9048	7.22156
58.6184	7.07563
51.719	9.40433
47.7626	9.16766
53.3544	5.95788
57.9402	9.49753
48.9226	8.81388
44.1616	4.96704
45.492	8.2081
55.0062	6.91805
54.6978	9.53677
51.2338	6.42999
42.969	5.50599
58.3814	6.78255
42.5268	5.6323
57.3992	5.97934
51.86	7.21849
58.2202	5.75677
50.2406	3.34835
50.3378	6.63907
47.8016	8.3761
36.2848	7.28226
51.3228	7.5827
45.8146	6.28652
55.5628	7.74947
51.477	7.67283
39.3202	5.71569
57.3938	7.31046
49.422	6.46494
59.7698	7.68264
59.2044	6.42632
54.8582	6.48824
51.11	8.4135
58.8968	7.64217
56.1622	7.33315
51.5284	6.7476
48.2642	6.4208
37.4042	6.55507
53.611	6.80891
47.669	7.85861
55.413	7.76112
50.687	8.97207
54.08	8.55207
49.0378	8.00699
56.067	8.23569
53.0494	6.84877
58.4572	7.59005
49.861	5.67645
55.3718	6.6918
62.2898	8.80714
50.6074	6.17125
54.488	5.37785
57.1796	7.56737
57.0232	7.0695
29.8294	6.90211
49.769	8.14065
41.9074	7.73046
65.5232	6.46862
57.8176	8.88317
55.2686	7.93403
46.677	6.21233
49.1304	8.36935
58.8666	8.92792
50.9928	5.86775
58.9784	9.36755
58.3394	7.77522
59.6006	7.72065
51.493	7.36319
57.7624	9.09102
45.6986	8.55023
44.2764	5.72734
53.0968	8.13636
52.049	7.41776
52.267	6.90456
62.3014	8.4417
55.5932	7.00451
57.8102	6.31718
55.8824	8.66121
44.8788	5.46123
50.1756	6.8923
58.8082	7.59128
55.6142	8.82124
58.3576	7.51464
50.8824	6.36868
57.9628	6.70161
49.078	5.25828
51.4396	6.61148
53.2678	9.23879
46.5114	5.92722
46.22	6.46678
53.5788	7.32211
57.1374	6.87697
58.746	10.2621
53.8568	7.52935
58.9592	8.7121
56.0314	7.52874
59.2392	7.39875
62.0832	7.53855
60.9786	9.46381
58.0866	8.92792
49.5662	6.17064
59.5706	8.34544
57.242	8.43312
34.6554	5.72795
57.9792	7.72862
52.9086	6.18596
60.3064	5.47043
60.3032	5.93948
54.017	11.2064
56.9588	7.26816
62.5846	7.49256
43.8226	7.37423
48.3176	5.91618
42.366	8.76606
42.3868	6.83283
45.0896	5.17612
60.0426	6.23318
74.4838	6.93032
40.2754	6.8598
52.104	8.76851
52.7706	6.50418
56.2266	7.23198
58.2888	6.35826
72.956	7.23505
55.443	7.23382
56.264	6.6354
52.6288	7.95058
50.2578	6.59554
48.377	7.0229
74.7324	8.01312
53.0378	8.84025
51.6658	5.95358
45.89	5.80521
32.6288	5.77026
59.2102	8.56004
56.9342	9.73052
60.8112	9.69435
53.8528	7.86903
56.034	6.78378
33.3542	4.66538
56.1232	6.52932
57.9414	7.81262
50.7202	6.70529
60.126	6.94381
54.2702	6.60106
60.8824	7.373
60.3668	6.91376
42.222	7.90398
52.4724	7.53303
46.0256	7.1069
45.3692	7.03148
43.8684	7.13081
50.5926	7.82795
55.1572	6.69548
57.1082	7.29268
54.6468	6.34477
45.5064	8.26941
53.9042	7.27
55.2276	7.47846
44.0992	7.76173
62.3336	9.75137
37.3644	6.15347
51.5446	6.71204
63.2504	7.58638
45.9716	6.50664
56.9244	6.81259
39.0052	6.22704
52.547	5.97137
58.207	7.99043
48.2604	6.83221
49.6674	7.1394
46.1016	9.04013
50.8894	7.98553
55.0492	5.48147
57.4124	6.82608
55.8676	8.00515
48.5866	9.15172
40.919	5.98424
56.8006	7.49992
65.4946	7.06214
55.3868	6.77764
51.1552	6.62743
52.4338	7.74824
56.9956	8.95429
44.9024	4.58199
37.5184	5.72611
53.961	8.37303
59.713	9.37429
51.8336	6.19516
49.3614	6.34967
57.229	6.1222
49.2986	9.8832
54.3138	8.19216
46.2268	7.10077
54.1324	9.17441
44.2908	7.52629
50.4318	7.24302
50.5094	4.80027
52.7512	7.19948
42.9026	6.9015
53.268	7.77829
51.9774	8.62871
49.0568	9.95616
51.314	9.11125
54.2808	8.50241
58.8648	7.21236
47.689	5.92845
35.1774	4.65863
57.4012	7.80343
52.0186	7.12713
47.366	5.50477
52.9812	6.25096
59.2118	6.57592
44.8426	4.46488
47.4818	6.98366
50.3386	6.70407
49.8568	8.08731
58.9722	8.24366
62.2166	7.98676
60.5114	7.71391
53.252	8.76667
41.517	7.32089
50.5044	6.13998
50.6506	7.74824
51.6672	7.29391
52.7302	7.33254
49.4432	8.92547
50.0286	9.13823
56.2602	7.4944
30.8272	2.21343
47.047	7.01493
48.8802	5.88369
52.735	7.94506
59.671	7.8721
60.6284	6.53852
51.988	8.14985
58.1182	6.7942
57.7356	7.40918
56.92	7.36319
52.4042	8.66611
44.5176	6.70529
37.0678	6.03513
34.7604	7.88804
52.9478	7.41776
52.8576	7.96039
48.8676	7.06827
45.1092	5.93396
51.7006	8.5116
51.0632	8.94632
40.4926	6.40056
58.3906	6.62375
38.1784	5.4968
39.8686	5.06331
53.7084	8.96594
53.3518	6.78071
60.203	8.0493
55.239	6.85735
46.8844	6.06702
57.9076	6.45084
51.091	4.42809
54.4814	7.42696
55.9436	9.10083
41.6686	5.99283
59.5676	6.87391
52.2976	8.84822
44.4426	8.87458
55.9632	7.0137
60.962	6.62129
54.7558	9.51163
56.9986	8.74827
27.158	1.92342
39.3726	6.07192
47.6986	5.93335
54.9084	7.64094
37.917	6.54097
50.385	7.97511
43.3432	2.01784
54.188	6.40118
46.443	6.04556
49.6292	8.63484
55.503	9.03338
56.1734	7.438
31.7616	6.20865
49.7786	6.05291
50.5024	6.69303
53.1832	8.92363
48.413	9.10574
57.4044	8.93283
54.0308	7.13817
47.9308	6.78562
58.9156	6.51951
46.9506	5.74205
50.4628	4.59916
60.8318	6.80156
53.295	6.65256
46.1108	5.66725
58.2166	8.05972
50.5126	5.92783
53.3786	5.10745
49.7112	3.94003
56.063	6.65318
60.5342	8.05359
58.6784	5.20617
52.4066	6.80769
55.3968	6.34599
54.1274	5.82728
51.552	5.23928
44.8184	6.33802
56.5382	6.76293
59.3446	9.22346
48.3568	5.90699
51.2606	7.877
56.3904	8.12839
53.2754	6.86471
49.0414	8.21116
54.853	7.13878
58.2146	8.88684
57.3282	7.15166
55.0118	7.04988
57.0728	9.0996
45.162	8.96655
57.744	8.75563
45.7862	6.93461
45.356	6.1829
58.1198	7.56492
58.5766	7.75499
62.901	8.02354
53.2814	7.59802
55.8778	7.63604
44.7294	6.28468
48.7928	6.81014
41.5528	8.61645
59.5644	8.21484
43.9914	6.27487
47.2938	7.00573
43.5256	9.27557
59.8456	6.71756
51.0358	6.63724
53.1604	5.85364
60.4334	6.21172
56.8804	9.6128
69.5024	7.91502
57.5014	7.37852
54.0924	7.186
47.7574	5.96523
58.3504	6.22398
57.1726	7.33683
57.0044	6.09951
60.0914	6.35458
53.106	7.13081
57.6928	7.26386
50.036	5.89472
58.6748	7.46436
49.4014	6.94442
60.1348	9.20445
58.3026	9.57417
54.8866	7.36013
57.7108	6.59064
40.7426	7.97388
60.0798	9.31114
51.403	8.44538
45.836	8.11245
58.6694	7.25957
55.5264	8.7354
52.3724	7.69306
57.966	7.30617
52.9158	6.64091
57.0302	7.51402
58.0772	9.13884
52.1736	9.67841
52.615	7.88743
57.9238	6.17125
52.7102	7.17067
41.9568	7.08912
37.0228	5.78191
47.6604	6.98979
49.2114	7.86965
51.2012	8.5208
36.1412	7.37975
54.39	6.94381
49.0202	6.6961
53.4224	6.94503
59.2908	7.51525
52.7426	7.89785
38.7806	6.32699
52.0228	5.71201
57.677	6.25586
44.4358	5.4502
49.584	6.61332
42.206	4.8297
55.559	3.12395
49.4758	7.42573
45.3532	8.47052
55.9966	7.93035
45.8566	6.22091
49.4758	6.13753
59.2262	5.90453
49.821	6.75864
58.8022	10.0892
52.6014	9.27925
59.6956	6.51829
76.1144	6.65686
59.301	9.36141
48.3662	8.67592
51.8886	8.57598
46.7146	6.03329
50.7734	7.6716
32.6586	6.89905
50.7938	8.21607
38.7784	7.26019
46.3538	6.20007
40.7506	5.6648
59.3604	7.78197
54.2842	7.45884
56.133	7.9561
59.8738	9.08734
60.6554	9.61096
54.8052	7.27674
54.3876	7.47233
47.3616	8.15905
47.8608	9.24737
60.6072	7.41838
54.9156	5.50477
42.5582	7.12959
52.3724	6.81382
52.5186	6.5097
49.4246	6.50786
53.8986	6.9904
56.5282	6.65134
56.163	6.49253
50.7978	7.41531
42.4008	7.43002
57.6504	8.54287
46.7384	7.12775
62.4244	7.42267
55.555	6.67034
51.0838	8.16518
46.0314	6.46617
48.7034	7.33744
60.5974	7.33131
53.5916	5.10561
43.3582	6.31472
50.7722	7.83408
51.7358	7.49931
56.2484	8.84454
44.8192	8.67286
46.1114	7.0977
49.6478	6.0474
53.775	8.02784
53.1166	6.93216
50.785	7.02351
53.136	5.5575
50.387	7.0977
49.314	7.81937
52.0726	8.77893
53.382	8.32827
55.3706	10.3302
51.9932	6.26199
43.8562	6.88433
58.9594	6.99102
56.524	6.8923
58.3652	9.24921
59.8026	7.42389
48.2608	6.33741
56.966	7.16454
49.061	7.03271
55.9996	7.26816
53.2342	5.84199
52.5024	5.89963
56.7004	7.67896
46.7502	6.22091
48.556	4.83706
46.7542	6.92786
58.8428	6.73411
58.882	8.52693
51.2922	8.86845
54.921	9.98191
54.0904	8.42025
47.4016	6.18045
57.7698	4.3956
53.0306	7.15105
51.2444	9.84763
59.3922	9.29029
58.2916	7.48766
62.0252	5.31163
56.5996	7.61519
44.6716	6.869
41.138	5.79417
49.061	8.614
41.7006	6.04985
56.0364	5.76167
61.054	6.60658
49.7516	7.81262
63.4456	6.54526
59.8614	7.33315
52.5016	8.41963
54.6546	8.73785
57.4758	7.37116
50.0494	7.2657
57.737	4.80763
68.4166	7.90337
46.3552	7.16637
56.6246	6.72675
54.1354	7.30004
59.2446	7.10138
52.4038	6.19455
45.0488	7.31046
46.1454	39.9571
55.1364	10.6594
57.064	8.0309
49.2314	7.79116
50.7544	6.82118
53.4886	8.05849
50.763	6.95116
56.098	8.0634
57.7404	6.27303
52.9068	8.56065
61.055	9.18974
47.6442	6.43551
61.6468	8.14311
55.773	9.39882
54.4272	9.46013
52.7664	7.40427
53.7082	6.61823
53.2176	6.86532
52.9868	8.53306
58.798	9.21426
50.6126	8.79303
71.2692	7.65934
52.4944	7.04559
40.0178	6.09522
53.6598	7.29329
55.0426	8.06095
54.5916	8.65508
52.255	7.9469
48.688	5.89104
59.0302	8.22281
58.4198	7.09709
62.7808	8.39695
54.2124	8.38836
49.6306	6.25341
48.3186	6.2295
48.6852	6.72859
57.962	7.25835
45.2474	6.197
50.9256	8.6514
57.864	6.37849
44.2302	6.24789
50.419	8.70903
74.4918	8.14065
56.264	8.41105
52.4538	9.12965
51.4054	7.05846
37.876	5.3012
49.9258	8.1707
53.5012	6.32576
50.507	8.08608
54.1076	5.64395
48.6864	5.7537
44.2876	6.11975
55.3572	7.24854
47.1056	4.21349
52.8596	6.42877
58.9362	6.72859
44.551	5.75125
48.1378	6.92541
42.5114	7.53119
54.944	8.78077
54.859	6.5937
50.3042	6.31902
50.9734	4.3864
54.201	6.79788
39.5884	5.43732
56.1144	6.20252
35.2646	5.33554
42.198	4.96153
58.1096	6.72185
52.4872	8.0916
41.5988	8.43925
53.0584	6.12281
55.053	4.91861
60.3458	7.30862
55.0008	6.65747
56.9206	6.48518
53.1664	7.20132
49.9212	7.06153
52.8124	7.75131
43.8604	6.19271
52.9682	7.02903
50.8304	6.61761
51.9142	7.25467
51.7382	7.53732
54.3082	6.87575
58.92	7.19274
59.4606	8.06769
43.5896	4.32999
59.059	8.09773
58.721	8.23998
50.905	7.93954
50.4004	6.41467
51.1202	7.33315
44.7982	7.51525
52.8444	8.57108
60.3078	8.21975
48.088	5.63107
39.5748	3.1264
51.066	7.45026
49.559	7.10322
49.6332	6.20742
52.3934	6.79604
38.4932	6.09645
59.8482	9.25657
64.734	8.02784
57.9522	7.39875
50.9114	6.52442
48.1896	5.73837
49.8722	5.5716
58.7984	6.86226
45.4022	7.06643
48.778	6.36561
58.763	6.48947
56.7634	6.96588
49.4498	6.06395
48.807	4.58444
72.1598	6.83773
62.2112	7.80894
55.7722	7.51586
56.978	8.79303
51.2978	6.16267
50.861	6.60719
54.9368	6.38523
54.1046	8.56433
47.7494	8.12287
49.3236	7.9377
51.7002	6.49069
51.1662	6.47537
54.8638	5.57896
49.3408	6.19148
44.4928	6.24912
52.4762	7.12713
52.3384	6.78439
59.3744	8.51099
47.9232	5.3895
49.2646	7.21604
47.288	5.0443
50.4878	6.17248
58.1198	5.62923
43.4272	8.32337
44.9486	5.65131
52.802	5.16877
49.7788	5.18103
51.3762	7.48705
53.7292	8.36016
50.796	6.94197
57.8022	6.58634
58.978	7.7973
58.6864	6.72369
52.0628	7.36503
57.2124	5.92415
41.7716	5.42628
65.915	6.15102
44.4748	7.74579
57.757	7.45087
51.198	4.1019
59.7356	5.9125
54.999	6.50051
58.069	6.73227
56.0152	5.6182
53.4698	5.93458
51.3292	4.57586
56.696	4.99096
52.8616	7.43861
52.0366	6.84448
56.3678	7.03578
56.9464	5.22885
51.4852	6.43551
53.7562	5.37355
50.5822	6.37604
53.921	8.56127
56.0982	7.36994
58.8174	7.05172
57.3368	6.40118
58.499	6.16818
58.6396	8.54042
49.1846	6.21785
53.0924	6.5796
48.602	5.48269
46.667	5.01977
49.1792	5.08477
41.9252	5.76412
74.6334	6.51277
41.685	5.1099
41.2064	7.00267
57.8686	8.31417
45.5214	5.67522
53.875	6.0523
69.495	6.78132
45.0698	6.31166
47.7524	5.09764
43.065	7.72372
53.5512	6.73227
52.4026	7.62194
57.6672	5.89472
53.507	8.16273
59.2978	8.33808
52.621	7.82857
55.9792	5.19636
57.4164	4.99157
58.316	7.52751
57.7852	5.5716
60.0154	6.73963
60.0512	7.06337
55.8154	6.50112
53.7084	7.42389
59.6024	6.20926
54.2068	5.98424
41.378	5.95849
68.8422	5.51948
45.9596	6.03697
54.8218	8.0076
61.0592	8.65876
57.8868	6.76477
51.2052	5.8328
46.7986	7.89601
56.159	7.78442
52.9934	7.57779
55.6622	4.36371
60.442	5.46859
58.1178	6.16389
57.3782	5.42383
43.3408	3.27294
49.0774	6.61823
55.41	6.57715
59.5748	6.50541
51.2844	6.46004
45.2736	6.4024
62.0536	7.98614
50.5058	8.48462
54.9696	5.61391
61.2034	6.76293
46.9172	6.63601
45.2416	6.41712
54.8294	4.86588
55.7044	8.84209
54.2164	7.16883
46.0626	5.25583
56.4976	8.05849
41.9496	5.7304
56.1558	6.01796
55.1596	7.31414
55.9464	7.5177
57.4998	9.14804
51.4004	5.94807
48.4798	5.89963
54.237	5.61207
55.3912	5.60471
62.4128	7.15473
38.0752	7.66424
52.1292	5.96033
50.6914	5.02897
57.3674	6.30982
49.7818	5.08906
59.189	7.20929
53.4928	5.51642
51.373	6.87636
56.7578	8.63484
45.5162	6.93399
76.5572	12.0378
57.7192	6.44348
51.9926	3.88914
55.0882	5.14301
52.4132	6.00202
50.033	8.52019
44.0534	6.45636
52.4846	8.36445
54.6184	8.06892
46.2184	5.4735
57.7006	6.76232
51.5642	5.36742
50.8394	5.57528
51.846	4.89898
53.6076	7.53978
57.379	8.37855
43.2168	6.31472
51.3446	4.99893
46.6386	5.6838
47.9526	4.21472
57.7952	5.84629
50.963	5.00444
50.592	5.34903
56.6098	6.20988
50.5222	6.87636
53.6222	7.74518
58.925	8.54839
50.9548	6.98795
43.6792	6.55814
58.4406	6.67034
51.7514	4.40357
52.8574	6.533
46.3714	5.58999
45.9224	7.10445
46.8044	8.36138
48.2806	5.48147
56.5814	6.59677
52.7518	5.88982
54.464	5.41586
46.4058	5.68503
54.0798	5.96769
57.2086	6.80156
48.0364	5.61145
57.9732	5.63475
51.9764	5.92415
55.754	4.91125
46.4824	6.17738
44.925	4.70094
59.4808	6.95729
54.686	6.07744
44.555	6.99224
50.7948	6.17861
52.8228	6.5514
53.5064	6.17861
60.258	6.5281
51.1696	7.5876
46.0832	6.11484
55.6226	5.58202
41.922	8.98311
58.1474	6.3509
52.8142	5.80827
52.9116	5.47779
52.334	8.29026
58.7368	6.79972
52.5162	6.58021
48.1672	5.82115
50.2412	6.08909
56.9878	6.35887
50.4008	5.62004
55.9926	8.10632
57.1682	7.121
51.0406	6.20191
53.0438	6.58451
53.4156	6.01061
48.109	5.90453
58.1938	6.15347
45.5414	5.93029
57.173	7.5876
63.4738	8.28474
55.0602	6.57408
45.7814	5.89963
48.1882	6.36807
41.928	7.76173
56.3764	8.52264
45.9796	8.31785
60.0988	9.17318
55.295	6.7427
54.504	6.60351
55.629	5.86039
59.1664	7.95426
51.3394	6.34232
49.841	6.00754
51.0718	5.33002
47.4952	6.07744
51.6532	5.70158
48.4042	6.94197
52.165	6.10932
52.7234	6.6311
50.4174	5.76658
48.512	7.27061
56.8388	5.59674
48.44	6.1596
38.255	4.26622
54.687	5.83341
78.4844	5.77026
52.1732	5.98915
51.694	6.56856
51.3004	5.42445
54.3226	5.89595
54.8352	5.96891
51.957	5.47718
52.8608	6.44471
51.7446	5.19084
49.2118	5.87878
58.565	6.85735
41.6036	6.49805
54.216	7.97143
41.2048	5.96646
76.5536	6.35213
61.4828	6.14488
46.7448	6.50418
55.061	6.67893
75.5202	7.08237
53.6558	7.33989
61.8916	6.11484
45.3892	5.62004
56.5736	5.64885
42.1288	6.22398
53.5658	7.50973
44.1762	4.50106
48.685	5.77455
51.12	3.30237
31.6788	3.11414
60.2634	6.53178
45.1272	6.84202
53.6572	7.42819
56.3578	5.30488
52.8082	5.33309
55.4928	5.9634
35.259	4.35881
55.5018	5.45081
37.4992	4.64331
55.7696	5.3196
52.5158	6.76722
59.7126	7.84144
55.6092	6.55385
53.3642	5.61084
56.065	6.8224
51.13	5.72856
54.4802	5.75248
49.898	6.55385
57.3582	5.67583
43.668	4.91799
41.2402	5.54462
50.7414	5.1332
51.7606	6.2528
56.8392	6.39627
55.1966	8.15843
43.0528	6.13998
53.4932	7.29575
43.8228	5.57283
43.9212	6.6587
56.2148	6.78868
54.0154	5.29814
55.3728	4.8438
54.6466	4.26439
54.8494	7.69
51.0008	6.07499
52.4058	4.30301
50.5422	6.22275
51.1138	5.89472
56.5556	6.87207
42.0846	5.76474
49.3636	6.98243
58.9972	6.35703
53.067	6.57653
55.6588	6.02594
56.9472	6.62129
50.622	6.70775
48.435	5.60532
64.322	5.90576
47.2446	4.88243
54.7656	6.06272
57.7866	6.14366
47.1708	6.07805
54.6222	5.76596
41.2962	5.83525
55.1012	5.9125
49.53	7.11364
60.7726	8.54962
54.103	7.79975
47.8714	5.09764
57.2112	6.56243
57.6376	6.38523
58.1562	7.07747
58.2512	6.07683
45.9538	5.65805
40.7692	4.69971
43.0968	4.23373
56.6288	5.84383
58.5404	6.51399
55.8482	6.23379
59.2568	6.7709
45.2172	6.66176
45.6832	6.67464
46.9532	8.34789
51.8288	6.82731
46.5394	4.71933
45.124	6.31595
51.2734	7.5269
52.8414	7.08544
53.3364	6.16818
58.3234	6.83957
44.7388	6.70652
58.6844	7.59802
53.7378	6.65256
48.6852	6.0897
52.13	5.20188
54.9978	6.89046
64.546	6.9064
48.4618	5.52868
58.3452	6.35151
61.5774	7.66302
46.0426	6.98305
52.3318	6.2295
51.8556	6.18229
48.5416	5.33615
57.3878	5.62065
64.9238	4.98421
60.3022	5.99405
55.7166	6.51522
58.7808	6.91131
53.5364	4.33183
53.2336	5.8469
57.223	5.61942
55.4944	5.69055
56.034	6.16696
59.1028	7.62316
57.159	5.98976
55.0378	5.51274
51.8622	7.03762
58.1822	7.04007
55.284	5.57896
58.2234	7.96775
56.054	6.23072
57.8648	5.04553
44.759	4.4189
44.7886	2.97434
50.8872	6.08909
57.7994	5.38766
55.024	5.87878
54.3872	6.86226
53.4676	7.51035
74.7136	7.4987
56.7394	7.39262
56.1512	6.5563
50.8456	5.63107
56.7428	6.46801
45.5602	5.04369
55.549	6.60474
51.7274	7.49808
56.067	5.85242
47.0464	3.28581
47.157	8.25408
50.8434	6.94503
56.7524	8.23201
41.9232	7.3031
58.0264	6.1829
51.7012	6.95852
55.4418	5.78988
60.1632	6.97385
57.7868	6.33312
49.4956	8.57782
53.0904	6.90518
56.0776	6.54036
58.9866	6.34477
48.6816	6.04372
46.4084	4.50535
45.2456	5.99834
53.1918	6.21785
53.7068	6.617
67.7656	5.95113
58.888	8.98004
53.1074	5.86958
56.447	6.59861
46.043	5.75186
53.3372	5.82237
36.205	5.22272
57.1092	5.91986
55.0354	7.10751
47.3468	6.85245
52.9466	6.04556
51.9096	5.62985
50.431	4.06941
42.8344	5.27239
44.7216	5.53052
42.8854	4.46795
52.7954	5.62004
53.3896	6.59432
44.503	3.0007
57.0032	6.2062
48.139	5.47166
55.7098	7.20255
52.6932	6.77887
71.163	7.17005
57.897	6.39872
52.3606	5.1191
56.9006	5.2215
58.297	6.46065
67.1008	5.00506
58.277	6.51522
58.507	6.9714
50.557	7.16576
51.5358	4.88979
53.5716	5.02713
51.6492	6.09522
50.1352	4.71198
61.423	8.02661
48.5974	7.22156
50.4162	5.65131
50.2518	5.58938
68.534	5.11972
73.4494	7.28532
53.5428	4.44158
48.6194	6.95913
54.5086	7.205
50.5132	7.63849
60.1678	6.23624
52.9906	5.91434
54.487	5.84506
58.3686	6.13078
52.0152	6.24299
55.4694	7.79423
48.9074	6.7335
52.2482	4.49493
52.574	4.9603
55.701	6.08173
52.9682	5.65744
56.1364	5.3429
55.6624	7.29943
56.417	8.38284
53.6224	7.9144
56.0468	5.71262
38.0658	6.9671
58.107	5.97688
54.0018	6.46065
48.4266	5.52377
54.6762	4.81805
38.4582	5.13872
48.1812	5.51519
54.9192	6.21356
32.368	5.50783
56.751	7.54039
57.5964	7.57105
63.541	5.07128
56.0252	5.17122
45.602	5.53542
60.1324	7.08483
45.3356	5.32941
62.0046	8.00883
61.8148	7.04865
49.175	5.0958
51.5992	6.14182
53.9986	5.20126
50.3062	6.48947
50.793	5.99344
52.5966	6.36991
52.253	7.33131
50.3884	6.92786
53.2302	6.08602
55.656	6.01551
44.972	6.80156
41.638	4.04795
58.3402	6.16144
51.0384	5.32512
51.6046	5.63475
62.4334	6.68383
50.762	5.89104
50.928	6.34967
55.1634	6.18719
53.7132	6.19087
49.3008	5.18164
59.1508	6.13446
59.55	6.23747
53.657	6.26996
54.4778	6.35948
55.5664	5.20923
56.1474	6.28284
56.7688	7.10874
52.9712	7.42757
45.6314	5.52071
46.626	6.63356
51.0388	5.40912
61.8794	7.28962
33.511	6.24299
55.8712	5.97872
57.0662	6.14243
45.4426	6.75189
53.994	6.88004
62.9708	6.24053
62.672	5.52991
54.2192	6.17064
57.1764	6.97017
40.3788	7.15289
45.3944	6.33128
52.7412	6.31105
48.82	7.08605
48.104	5.57466
55.5834	5.07312
58.132	6.32208
53.1258	6.23808
48.0958	6.7335
29.8498	3.82109
55.703	7.02903
58.232	7.44658
54.693	6.02777
50.7018	5.79723
52.253	7.19335
57.363	6.34477
53.4236	6.0523
58.5046	6.45452
55.3582	5.88062
52.8518	5.60164
51.2044	5.94991
44.3	5.09151
31.0736	3.20181
52.1626	6.05537
53.226	4.04611
56.1764	5.60839
52.8826	6.10319
54.0354	5.24234
43.3638	5.34842
50.9186	6.38585
37.7732	4.60713
47.685	5.00444
50.3114	6.03758
79.2332	6.7243
41.1072	6.07069
55.5058	6.49008
35.8032	4.8671
75.41	6.44471
52.9212	6.52197
59.7704	6.07989
50.9284	6.97508
54.4832	5.8702
56.5754	5.2638
57.85	5.79049
46.7248	6.03084
48.8984	5.61023
72.0206	7.62439
48.2722	5.88369
42.9546	7.42144
58.9374	7.4944
34.51	4.68929
58.3916	5.42628
62.7402	7.14124
55.9664	5.05472
52.7056	6.4674
50.9952	6.88801
57.5464	6.16696
49.3832	7.03271
57.7484	7.37668
44.0224	6.48763
49.3096	6.21417
51.0356	5.26809
53.2054	6.07928
51.3576	5.66418
54.1738	7.94138
51.0824	4.77881
39.4656	5.13688
44.1738	5.5201
45.9098	6.09154
51.2528	6.42448
59.3192	5.66847
50.8674	5.9542
56.3258	7.04497
62.23	6.81382
56.715	6.26138
54.4158	5.39931
45.6362	5.03142
52.9788	5.82605
49.82	5.23437
52.4938	5.11788
35.228	6.10319
56.2808	5.97688
48.325	5.98547
51.0696	5.97995
54.747	6.23195
53.6284	4.96153
48.4082	4.86036
54.8306	7.47846
59.2704	7.438
52.0822	5.8144
59.2972	7.21665
62.5362	6.56305
54.3632	6.74821
72.1884	6.50234
48.834	6.86962
54.4398	6.70223
57.0746	6.30307
57.3948	5.84935
59.1766	6.56488
47.3322	6.80524
46.7308	4.54214
56.0722	5.85303
51.604	5.81256
64.9962	6.41589
50.5602	4.48879
59.4886	6.68935
61.1328	7.25651
51.8378	6.84938
53.608	6.31779
51.1766	5.91312
50.8384	6.30001
50.7662	5.65437
50.241	6.31043
51.4558	5.47534
46.4558	6.14734
52.352	6.58144
50.3988	6.05721
55.626	5.77823
63.5984	6.71633
57.1432	8.01373
46.4632	6.31656
52.892	5.50354
50.5436	6.1363
45.7548	4.15279
37.9458	4.80027
42.5924	6.14121
55.9396	5.93826
59.8574	6.63294
59.3722	7.52384
55.0784	6.97753
53.496	6.61578
51.2956	5.92109
56.994	5.32082
46.8944	5.75064
43.1598	3.82783
52.9906	7.45087
47.919	5.75186
59.491	6.86778
56.224	6.2295
54.3954	5.53604
50.9908	6.38769
59.3548	7.99227
53.3576	6.533
44.5292	3.33671
50.4164	5.54401
56.959	6.0664
53.5184	6.3883
54.6542	7.62132
41.406	6.68813
40.2064	6.04678
58.7122	6.44164
54.7224	6.06702
59.559	5.72182
46.416	6.0149
58.1716	6.96465
51.5648	6.44961
40.5542	3.45811
46.5456	5.59551
77.4236	6.15715
42.8972	6.36255
52.3768	4.85116
53.1608	6.56795
52.6062	6.68445
55.6214	6.23808
47.7824	5.58754
54.8164	7.1161
55.068	6.86594
58.2716	7.877
48.1932	5.35945
52.001	7.66057
56.6524	5.96707
50.988	5.67767
57.7332	6.5796
51.1888	6.08725
49.4584	7.43738
52.8502	6.50848
51.2782	7.85677
57.444	5.42322
46.2746	6.72675
60.0806	6.94197
47.226	5.83586
55.509	8.34422
50.3866	8.11306
49.4384	5.9916
53.071	4.53355
47.7732	6.3135
54.5708	6.04985
50.8138	6.39688
50.4784	6.81811
37.9948	4.47285
56.54	5.42077
56.6152	7.30004
53.52	6.78439
53.4226	5.89534
51.45	6.97998
51.7228	6.13569
58.6574	6.73472
51.0258	6.14304
42.7836	7.1909
51.6596	8.19768
54.1806	7.87394
52.358	6.29633
57.5402	6.12772
50.4432	5.41647
55.0852	8.12594
51.9798	7.81324
50.0978	5.58693
44.434	5.00138
56.9274	6.77213
50.932	5.79662
35.9938	5.07986
39.153	6.06518
51.6466	5.95788
54.8084	6.61148
58.1408	8.72191
53.966	6.48702
54.0166	6.74331
53.2134	5.84077
56.9778	8.05972
51.2088	7.69858
52.8386	7.26019
49.3106	6.31105
57.349	5.86897
55.8186	4.67396
54	4.68868
51.9278	6.06027
50.7946	4.79169
50.1312	5.41402
50.8434	6.5422
57.9618	7.63543
50.807	5.40237
40.7796	4.89837
43.6312	6.63356
48.5192	6.88678
44.3614	6.71204
51.343	6.32208
54.5272	7.50176
55.9672	6.87575
50.8376	7.0744
52.816	6.17983
57.3938	7.71881
47.9876	6.2436
53.015	5.99957
49.3432	4.63472
46.1514	4.62614
63.577	7.65198
58.6422	6.28345
50.4322	6.12158
60.9436	6.74208
41.9736	4.25703
56.7072	6.16389
50.4778	7.85677
33.4196	4.39069
55.6818	6.99654
52.1674	6.72001
53.133	8.16824
42.5504	4.99157
50.4212	5.93642
59.157	7.18293
57.402	7.07747
53.293	7.40979
52.0926	6.61823
51.5286	6.93645
66.6748	6.92112
46.913	6.59922
45.9616	4.89837
45.4522	5.6605
46.4518	5.54401
50.8064	7.1443
66.8016	6.10994
64.8286	6.82731
57.1844	7.89172
59.3546	7.80772
56.9038	7.94568
58.7124	7.44045
53.7382	6.68567
49.274	7.36197
53.5908	7.58454
53.7568	7.15227
51.8424	5.40482
57.5718	7.19397
57.496	6.59983
52.0426	8.49014
48.4054	7.64585
52.856	7.858
28.885	4.34225
50.0456	6.72246
58.9976	7.57289
59.3954	8.14188
55.0626	8.16395
48.0184	7.09709
58.3398	7.86903
55.686	8.96778
61.9944	7.41163
43.924	6.42999
32.898	4.16199
40.3174	5.24786
48.9928	6.02716
65.77	6.63356
54.891	6.785
50.6582	6.73718
53.8032	7.96284
55.5214	8.03397
51.188	7.70103
52.5048	6.65686
49.0536	6.23992
49.316	7.29575
39.8274	7.56982
48.8572	6.51154
55.388	7.75867
49.7852	6.52197
48.11	6.79481
44.3872	5.21782
45.2508	6.86839
48.6718	6.8549
53.009	7.37362
46.1746	6.94932
41.0262	6.01613
46.0114	6.83773
49.2286	6.3975
45.8756	6.62436
40.5298	6.4956
46.7304	7.10077
33.73	6.93461
44.3838	5.4177
38.6962	6.34783
44.3168	7.43064
39.0194	7.22953
34.9626	7.39324
38.393	7.23321
38.2946	4.78126
42.8856	6.94748
25.8196	4.37107
40.9594	6.80462
33.994	5.80643
42.463	7.01983
35.7186	6.26629
39.5814	7.30188
39.0216	7.79362
36.2268	6.44961
36.6514	7.36932
35.475	5.63046
37.8608	7.31046
